00000  0.00000000E+00  1.10000000E+00  8.10347632E-02  1.37943416E-02  3.77505102E+00  7.16295808E+00  4.89820011E+00  1.61910724E+01 -1.84823373E+00  6.98019185E-01  2.81392784E-01  7.08679008E-04  4.36897016E-03  1.00992864E-02  2.24782393E+03  7.68665649E+06  9.49805181E+09  1.05405360E+00  1.35122665E-01  4.04586496E-33  0.00000000E+00  3.49507927E-08  0.00000000E+00  0.00000000E+00  0.00000000E+00  0.00000000E+00  0.00000000E+00  0.00000000E+00
00001  3.93992805E+04  1.10000000E+00  4.86243155E-02  5.77083846E-03  3.77096016E+00  7.15813528E+00  4.90081903E+00  1.61889438E+01 -1.82427114E+00  6.98015515E-01  2.81396314E-01  7.07839622E-04  4.36994958E-03  1.00992862E-02  2.18638700E+03  8.43667704E+06  1.02339899E+10  1.01048907E+00  1.10710356E-01  2.51426902E-33  0.00000000E+00  3.22517582E-08  0.00000000E+00  0.00000000E+00  0.00000000E+00  0.00000000E+00  0.00000000E+00  0.00000000E+00
00002  7.87985611E+04  1.10000000E+00  4.76365214E-02  5.46590925E-03  3.77086567E+00  7.15812312E+00  4.90080712E+00  1.61889181E+01 -1.82425846E+00  6.98010911E-01  2.81399846E-01  7.01402932E-04  4.37746120E-03  1.00992838E-02  2.18408554E+03  8.46182704E+06  1.02572933E+10  1.01032399E+00  1.10368398E-01  2.49719793E-33  0.00000000E+00  3.21694457E-08  0.00000000E+00  0.00000000E+00  0.00000000E+00  0.00000000E+00  0.00000000E+00  0.00000000E+00
00003  1.26077698E+05  1.09999999E+00  4.77765325E-02  5.51489325E-03  3.77087618E+00  7.15812052E+00  4.90081714E+00  1.61889237E+01 -1.82422802E+00  6.98005401E-01  2.81404083E-01  6.93762394E-04  4.38637774E-03  1.00992808E-02  2.18445509E+03  8.45814536E+06  1.02539870E+10  1.01032549E+00  1.10018252E-01  2.48009214E-33  0.00000000E+00  3.21689045E-08  0.00000000E+00  0.00000000E+00  0.00000000E+00  0.00000000E+00  0.00000000E+00  0.00000000E+00
00004  1.82812662E+05  1.09999998E+00  4.79647027E-02  5.57345472E-03  3.77089395E+00  7.15811584E+00  4.90083445E+00  1.61889343E+01 -1.82417294E+00  6.97998809E-01  2.81409168E-01  6.84714082E-04  4.39693720E-03  1.00992773E-02  2.18489698E+03  8.45334138E+06  1.02495450E+10  1.01033556E+00  1.09600690E-01  2.45947614E-33  0.00000000E+00  3.21683497E-08  0.00000000E+00  0.00000000E+00  0.00000000E+00  0.00000000E+00  0.00000000E+00  0.00000000E+00
00005  2.50894619E+05  1.09999998E+00  4.81317164E-02  5.62460759E-03  3.77091012E+00  7.15810820E+00  4.90086217E+00  1.61889519E+01 -1.82408251E+00  6.97990929E-01  2.81415267E-01  6.74027768E-04  4.40940828E-03  1.00992731E-02  2.18528304E+03  8.44909582E+06  1.02456041E+10  1.01035797E+00  1.09103255E-01  2.43466039E-33  0.00000000E+00  3.21676403E-08  0.00000000E+00  0.00000000E+00  0.00000000E+00  0.00000000E+00  0.00000000E+00  0.00000000E+00
00006  3.32592967E+05  1.09999997E+00  4.82646152E-02  5.66520259E-03  3.77092305E+00  7.15809675E+00  4.90090412E+00  1.61889797E+01 -1.82394464E+00  6.97981514E-01  2.81422586E-01  6.61447784E-04  4.42408938E-03  1.00992680E-02  2.18558947E+03  8.44572106E+06  1.02424693E+10  1.01039782E+00  1.08511648E-01  2.40489050E-33  0.00000000E+00  3.21667079E-08  0.00000000E+00  0.00000000E+00  0.00000000E+00  0.00000000E+00  0.00000000E+00  0.00000000E+00
00007  4.30630984E+05  1.09999996E+00  4.83664387E-02  5.69627471E-03  3.77093297E+00  7.15808026E+00  4.90096569E+00  1.61890216E+01 -1.82374179E+00  6.97970275E-01  2.81431367E-01  6.46696383E-04  4.44130469E-03  1.00992619E-02  2.18582404E+03  8.44313687E+06  1.02400680E+10  1.01046239E+00  1.07809635E-01  2.36929825E-33  0.00000000E+00  3.21654842E-08  0.00000000E+00  0.00000000E+00  0.00000000E+00  0.00000000E+00  0.00000000E+00  0.00000000E+00
00008  5.48276606E+05  1.09999994E+00  4.84462113E-02  5.72045948E-03  3.77094082E+00  7.15805734E+00  4.90105389E+00  1.61890833E+01 -1.82345214E+00  6.97956870E-01  2.81441903E-01  6.29479370E-04  4.46139761E-03  1.00992545E-02  2.18600665E+03  8.44111586E+06  1.02381871E+10  1.01056226E+00  1.06979334E-01  2.32695783E-33  0.00000000E+00  3.21639039E-08  0.00000000E+00  0.00000000E+00  0.00000000E+00  0.00000000E+00  0.00000000E+00  0.00000000E+00
00009  6.89451351E+05  1.09999993E+00  4.85150837E-02  5.74100015E-03  3.77094777E+00  7.15802613E+00  4.90117821E+00  1.61891725E+01 -1.82304604E+00  6.97940899E-01  2.81454545E-01  6.09496817E-04  4.48471828E-03  1.00992457E-02  2.18616176E+03  8.43937793E+06  1.02365635E+10  1.01071269E+00  1.06001549E-01  2.27688031E-33  0.00000000E+00  3.21619313E-08  0.00000000E+00  0.00000000E+00  0.00000000E+00  0.00000000E+00  0.00000000E+00  0.00000000E+00
00010  8.58861046E+05  1.09999991E+00  4.85848667E-02  5.76129528E-03  3.77095507E+00  7.15798472E+00  4.90135070E+00  1.61892992E+01 -1.82248757E+00  6.97921891E-01  2.81469715E-01  5.86458492E-04  4.51160553E-03  1.00992352E-02  2.18631503E+03  8.43762738E+06  1.02349186E+10  1.01093560E+00  1.04856708E-01  2.21812164E-33  0.00000000E+00  3.21596004E-08  0.00000000E+00  0.00000000E+00  0.00000000E+00  0.00000000E+00  0.00000000E+00  0.00000000E+00
00011  9.80836026E+05  1.09999989E+00  4.86269101E-02  5.77323809E-03  3.77095961E+00  7.15795297E+00  4.90148604E+00  1.61893998E+01 -1.82205127E+00  6.97908284E-01  2.81480637E-01  5.70345384E-04  4.53041079E-03  1.00992276E-02  2.18640523E+03  8.43657837E+06  1.02339277E+10  1.01111650E+00  1.04047739E-01  2.17660900E-33  0.00000000E+00  3.21573611E-08  0.00000000E+00  0.00000000E+00  0.00000000E+00  0.00000000E+00  0.00000000E+00  0.00000000E+00
00012  1.10281101E+06  1.09999988E+00  4.86688401E-02  5.78680052E-03  3.77096331E+00  7.15805410E+00  4.90134187E+00  1.61893770E+01 -1.82273587E+00  6.97965238E-01  2.81470249E-01  8.49815760E-04  4.20427045E-03  1.00993323E-02  2.18650766E+03  8.43550023E+06  1.02329396E+10  1.01119753E+00  1.09263330E-01  2.64411994E-33  0.00000000E+00  3.21625593E-08  0.00000000E+00  0.00000000E+00  0.00000000E+00  0.00000000E+00  0.00000000E+00  0.00000000E+00
00013  1.22478599E+06  1.09999986E+00  4.86934343E-02  5.79502515E-03  3.77096534E+00  7.15815753E+00  4.90117283E+00  1.61893143E+01 -1.82351598E+00  6.97978616E-01  2.81472978E-01  9.46481012E-04  4.09146971E-03  1.00993604E-02  2.18656979E+03  8.43486258E+06  1.02323600E+10  1.01121881E+00  1.11841354E-01  2.86898708E-33  0.00000000E+00  3.21715043E-08  0.00000000E+00  0.00000000E+00  0.00000000E+00  0.00000000E+00  0.00000000E+00  0.00000000E+00
00014  1.34676097E+06  1.09999985E+00  4.87090209E-02  5.80087500E-03  3.77096631E+00  7.15824504E+00  4.90101047E+00  1.61892378E+01 -1.82422905E+00  6.97980022E-01  2.81478510E-01  9.88120182E-04  4.04288141E-03  1.00993710E-02  2.18661398E+03  8.43444604E+06  1.02319926E+10  1.01120540E+00  1.13154337E-01  2.98870960E-33  0.00000000E+00  3.21800779E-08  0.00000000E+00  0.00000000E+00  0.00000000E+00  0.00000000E+00  0.00000000E+00  0.00000000E+00
00015  1.46873595E+06  1.09999984E+00  4.87192244E-02  5.80527134E-03  3.77096667E+00  7.15831746E+00  4.90086012E+00  1.61891568E+01 -1.82486036E+00  6.97977286E-01  2.81484848E-01  1.00973092E-03  4.01766452E-03  1.00993760E-02  2.18664720E+03  8.43416228E+06  1.02317521E+10  1.01117002E+00  1.13881860E-01  3.06205306E-33  0.00000000E+00  3.21879177E-08  0.00000000E+00  0.00000000E+00  0.00000000E+00  0.00000000E+00  0.00000000E+00  0.00000000E+00
00016  1.61510592E+06  1.09999982E+00  4.87267020E-02  5.80923427E-03  3.77096656E+00  7.15838823E+00  4.90069428E+00  1.61890577E+01 -1.82552469E+00  6.97972101E-01  2.81492754E-01  1.02606562E-03  3.99860436E-03  1.00993795E-02  2.18667714E+03  8.43393985E+06  1.02315758E+10  1.01110498E+00  1.14450356E-01  3.12460534E-33  0.00000000E+00  3.21960922E-08  0.00000000E+00  0.00000000E+00  0.00000000E+00  0.00000000E+00  0.00000000E+00  0.00000000E+00
00017  1.79074989E+06  1.09999980E+00  4.87260055E-02  5.81097193E-03  3.77096551E+00  7.15845667E+00  4.90051172E+00  1.61889387E+01 -1.82622242E+00  6.97964785E-01  2.81502377E-01  1.03990385E-03  3.98245750E-03  1.00993820E-02  2.18669029E+03  8.43391932E+06  1.02315920E+10  1.01100209E+00  1.14910540E-01  3.18144566E-33  0.00000000E+00  3.22047131E-08  0.00000000E+00  0.00000000E+00  0.00000000E+00  0.00000000E+00  0.00000000E+00  0.00000000E+00
00018  2.00152266E+06  1.09999978E+00  4.87148922E-02  5.80965099E-03  3.77096339E+00  7.15852076E+00  4.90031509E+00  1.61888002E+01 -1.82693987E+00  6.97955058E-01  2.81514006E-01  1.05131995E-03  3.96913712E-03  1.00993839E-02  2.18668033E+03  8.43416043E+06  1.02318536E+10  1.01085473E+00  1.15212710E-01  3.23100044E-33  0.00000000E+00  3.22133549E-08  0.00000000E+00  0.00000000E+00  0.00000000E+00  0.00000000E+00  0.00000000E+00  0.00000000E+00
00019  2.25444998E+06  1.09999975E+00  4.86907869E-02  5.80422076E-03  3.77096008E+00  7.15857789E+00  4.90010944E+00  1.61886449E+01 -1.82765546E+00  6.97942613E-01  2.81527996E-01  1.06058586E-03  3.95832590E-03  1.00993850E-02  2.18663935E+03  8.43473359E+06  1.02324212E+10  1.01065763E+00  1.15350956E-01  3.27293673E-33  0.00000000E+00  3.22214129E-08  0.00000000E+00  0.00000000E+00  0.00000000E+00  0.00000000E+00  0.00000000E+00  0.00000000E+00
00020  2.55796276E+06  1.09999971E+00  4.86521158E-02  5.79357643E-03  3.77095574E+00  7.15862210E+00  4.89991776E+00  1.61884894E+01 -1.82829239E+00  6.97926072E-01  2.81544952E-01  1.06308131E-03  3.95541481E-03  1.00993847E-02  2.18655900E+03  8.43569090E+06  1.02333321E+10  1.01042791E+00  1.14996083E-01  3.29074845E-33  0.00000000E+00  3.22277008E-08  0.00000000E+00  0.00000000E+00  0.00000000E+00  0.00000000E+00  0.00000000E+00  0.00000000E+00
00021  2.92217810E+06  1.09999967E+00  4.86020935E-02  5.77777833E-03  3.77095113E+00  7.15864467E+00  4.89978449E+00  1.61883695E+01 -1.82871193E+00  6.97903932E-01  2.81565641E-01  1.05437399E-03  3.96557558E-03  1.00993821E-02  2.18643973E+03  8.43696885E+06  1.02345104E+10  1.01021968E+00  1.13884265E-01  3.26853882E-33  0.00000000E+00  3.22308832E-08  0.00000000E+00  0.00000000E+00  0.00000000E+00  0.00000000E+00  0.00000000E+00  0.00000000E+00
00022  3.35923651E+06  1.09999962E+00  4.85545073E-02  5.76009046E-03  3.77094808E+00  7.15863936E+00  4.89976978E+00  1.61883393E+01 -1.82874597E+00  6.97875035E-01  2.81590914E-01  1.03262517E-03  3.99095370E-03  1.00993770E-02  2.18630621E+03  8.43823624E+06  1.02356314E+10  1.01013768E+00  1.11887867E-01  3.19908848E-33  0.00000000E+00  3.22302185E-08  0.00000000E+00  0.00000000E+00  0.00000000E+00  0.00000000E+00  0.00000000E+00  0.00000000E+00
00023  3.88370660E+06  1.09999956E+00  4.85407937E-02  5.74954742E-03  3.77094992E+00  7.15860742E+00  4.89993758E+00  1.61884646E+01 -1.82824433E+00  6.97838585E-01  2.81621710E-01  9.98692129E-04  4.03054903E-03  1.00993692E-02  2.18622666E+03  8.43870664E+06  1.02359541E+10  1.01034169E+00  1.09065511E-01  3.08618510E-33  0.00000000E+00  3.22267481E-08  0.00000000E+00  0.00000000E+00  0.00000000E+00  0.00000000E+00  0.00000000E+00  0.00000000E+00
00024  4.51307070E+06  1.09999949E+00  4.86136025E-02  5.76215044E-03  3.77096182E+00  7.15855906E+00  4.90034137E+00  1.61888094E+01 -1.82711480E+00  6.97794064E-01  2.81659072E-01  9.55732598E-04  4.08067730E-03  1.00993592E-02  2.18632190E+03  8.43704607E+06  1.02342375E+10  1.01103460E+00  1.05652847E-01  2.94363403E-33  0.00000000E+00  3.22242971E-08  0.00000000E+00  0.00000000E+00  0.00000000E+00  0.00000000E+00  0.00000000E+00  0.00000000E+00
00025  5.26830763E+06  1.09999940E+00  4.88706661E-02  5.82696710E-03  3.77099368E+00  7.15851348E+00  4.90102674E+00  1.61894382E+01 -1.82531745E+00  6.97740113E-01  2.81704488E-01  9.04512909E-04  4.14044467E-03  1.00993465E-02  2.18681149E+03  8.43079388E+06  1.02281808E+10  1.01248055E+00  1.01761321E-01  2.77991634E-33  0.00000000E+00  3.22301348E-08  0.00000000E+00  0.00000000E+00  0.00000000E+00  0.00000000E+00  0.00000000E+00  0.00000000E+00
00026  6.17459194E+06  1.09999930E+00  4.94102769E-02  5.97016889E-03  3.77105698E+00  7.15849366E+00  4.90203204E+00  1.61904120E+01 -1.82284427E+00  6.97674769E-01  2.81759874E-01  8.44752931E-04  4.21017851E-03  1.00993307E-02  2.18789346E+03  8.41754752E+06  1.02154792E+10  1.01499275E+00  9.74623107E-02  2.60031408E-33  0.00000000E+00  3.22546540E-08  0.00000000E+00  0.00000000E+00  0.00000000E+00  0.00000000E+00  0.00000000E+00  0.00000000E+00
00027  7.26213312E+06  1.09999917E+00  5.02869079E-02  6.19992539E-03  3.77116126E+00  7.15852253E+00  4.90338226E+00  1.61917779E+01 -1.81971954E+00  6.97595633E-01  2.81827560E-01  7.76042648E-04  4.29035794E-03  1.00993108E-02  2.18963048E+03  8.39612877E+06  1.01948787E+10  1.01889071E+00  9.28093847E-02  2.40779740E-33  0.00000000E+00  3.23098615E-08  0.00000000E+00  0.00000000E+00  0.00000000E+00  0.00000000E+00  0.00000000E+00  0.00000000E+00
00028  8.56718253E+06  1.09999902E+00  5.14719895E-02  6.49535373E-03  3.77130982E+00  7.15861763E+00  4.90508249E+00  1.61935574E+01 -1.81599652E+00  6.97499690E-01  2.81910522E-01  6.98133695E-04  4.38127383E-03  1.00992855E-02  2.19186601E+03  8.36755281E+06  1.01670959E+10  1.02442663E+00  8.78264190E-02  2.20254328E-33  0.00000000E+00  3.24065264E-08  0.00000000E+00  0.00000000E+00  0.00000000E+00  0.00000000E+00  0.00000000E+00  0.00000000E+00
00029  1.01332418E+07  1.09999884E+00  5.28559433E-02  6.81146082E-03  3.77149775E+00  7.15878113E+00  4.90712138E+00  1.61957400E+01 -1.81171286E+00  6.97383084E-01  2.82012642E-01  6.11191901E-04  4.48273440E-03  1.00992530E-02  2.19426057E+03  8.33485901E+06  1.01347466E+10  1.03170106E+00  8.25019545E-02  1.97962455E-33  0.00000000E+00  3.25505702E-08  0.00000000E+00  0.00000000E+00  0.00000000E+00  0.00000000E+00  0.00000000E+00  0.00000000E+00
00030  1.20125130E+07  1.09999862E+00  5.42987323E-02  7.10028573E-03  3.77171404E+00  7.15899384E+00  4.90947991E+00  1.61982857E+01 -1.80684747E+00  6.97240469E-01  2.82139354E-01  5.15738989E-04  4.59413370E-03  1.00992101E-02  2.19645080E+03  8.30168922E+06  1.01011314E+10  1.04061522E+00  7.67997257E-02  1.73169652E-33  0.00000000E+00  3.27405749E-08  0.00000000E+00  0.00000000E+00  0.00000000E+00  0.00000000E+00  0.00000000E+00  0.00000000E+00
00031  1.42676384E+07  1.09999836E+00  5.56959025E-02  7.33503576E-03  3.77194595E+00  7.15921854E+00  4.91212997E+00  1.62011268E+01 -1.80133666E+00  6.97064488E-01  2.82298277E-01  4.13357355E-04  4.71363016E-03  1.00991516E-02  2.19823266E+03  8.27054908E+06  1.00686848E+10  1.05087174E+00  7.07504125E-02  1.45379261E-33  0.00000000E+00  3.34352212E-08  0.00000000E+00  0.00000000E+00  0.00000000E+00  0.00000000E+00  0.00000000E+00  0.00000000E+00
00032  1.69737888E+07  1.09999804E+00  5.69968090E-02  7.51498807E-03  3.77218120E+00  7.15940829E+00  4.91501072E+00  1.62041521E+01 -1.79516224E+00  6.96845200E-01  2.82500001E-01  3.07907780E-04  4.83672817E-03  1.00990678E-02  2.19959968E+03  8.24239141E+06  1.00385668E+10  1.06199019E+00  6.45602639E-02  1.15329825E-33  0.00000000E+00  3.36919504E-08  0.00000000E+00  0.00000000E+00  0.00000000E+00  0.00000000E+00  0.00000000E+00  0.00000000E+00
00033  2.02211694E+07  1.09999766E+00  5.81740799E-02  7.65179120E-03  3.77240712E+00  7.15950898E+00  4.91801695E+00  1.62071957E+01 -1.78839300E+00  6.96563797E-01  2.82763926E-01  2.02940493E-04  4.95930795E-03  1.00989334E-02  2.20063962E+03  8.21748385E+06  1.00113880E+10  1.07331262E+00  5.85715475E-02  8.51051372E-34  0.00000000E+00  3.39584488E-08  0.00000000E+00  0.00000000E+00  0.00000000E+00  0.00000000E+00  0.00000000E+00  0.00000000E+00
00034  2.41180260E+07  1.09999720E+00  5.91822907E-02  7.75242961E-03  3.77260885E+00  7.15954288E+00  4.92089279E+00  1.62100062E+01 -1.78175899E+00  6.96177262E-01  2.83134645E-01  1.07838035E-04  5.07050165E-03  1.00986582E-02  2.20140513E+03  8.19652274E+06  9.98816946E+09  1.08401559E+00  5.32368071E-02  5.96967766E-34  0.00000000E+00  3.42189630E-08  0.00000000E+00  0.00000000E+00  0.00000000E+00  0.00000000E+00  0.00000000E+00  0.00000000E+00
00035  2.87942540E+07  1.09999665E+00  6.00026130E-02  7.82899658E-03  3.77277565E+00  7.15975357E+00  4.92319363E+00  1.62123874E+01 -1.77721259E+00  6.95720909E-01  2.83582561E-01  5.69635515E-05  5.13014890E-03  1.00983226E-02  2.20198793E+03  8.17960485E+06  9.96931599E+09  1.09342803E+00  4.86540923E-02  4.23478104E-34  0.00000000E+00  3.44615158E-08  0.00000000E+00  0.00000000E+00  0.00000000E+00  0.00000000E+00  0.00000000E+00  0.00000000E+00
00036  3.44057276E+07  1.09999599E+00  6.07839613E-02  7.84171712E-03  3.77296463E+00  7.16009752E+00  4.92499342E+00  1.62143640E+01 -1.77442762E+00  6.95175845E-01  2.84123631E-01  3.26900443E-05  5.15882815E-03  1.00979110E-02  2.20208534E+03  8.16465300E+06  9.95139012E+09  1.10151133E+00  4.46208801E-02  3.08985873E-34  0.00000000E+00  3.46896268E-08  0.00000000E+00  0.00000000E+00  0.00000000E+00  0.00000000E+00  0.00000000E+00  0.00000000E+00
00037  4.11394959E+07  1.09999519E+00  6.14516770E-02  7.86350653E-03  3.77312066E+00  7.16050797E+00  4.92645330E+00  1.62160257E+01 -1.77278104E+00  6.94520937E-01  2.84776904E-01  2.24996212E-05  5.17115927E-03  1.00974055E-02  2.20225187E+03  8.15168892E+06  9.93609470E+09  1.10838195E+00  4.09694870E-02  2.35585830E-34  0.00000000E+00  3.49028576E-08  0.00000000E+00  0.00000000E+00  0.00000000E+00  0.00000000E+00  0.00000000E+00  0.00000000E+00
00038  4.92200179E+07  1.09999423E+00  6.21095427E-02  7.92000643E-03  3.77325688E+00  7.16095345E+00  4.92772830E+00  1.62174898E+01 -1.77179555E+00  6.93732011E-01  2.85565289E-01  1.87863296E-05  5.17603529E-03  1.00967840E-02  2.20268262E+03  8.13827717E+06  9.92104635E+09  1.11440660E+00  3.75962554E-02  1.89594336E-34  0.00000000E+00  3.51091663E-08  0.00000000E+00  0.00000000E+00  0.00000000E+00  0.00000000E+00  0.00000000E+00  0.00000000E+00
00039  5.89166442E+07  1.09999308E+00  6.27958862E-02  8.01147112E-03  3.77338273E+00  7.16142238E+00  4.92893579E+00  1.62188540E+01 -1.77116059E+00  6.92780799E-01  2.86516405E-01  1.76379982E-05  5.17804420E-03  1.00960192E-02  2.20337973E+03  8.12369782E+06  9.90536951E+09  1.11993145E+00  3.44313924E-02  1.61025066E-34  0.00000000E+00  3.57966134E-08  0.00000000E+00  0.00000000E+00  0.00000000E+00  0.00000000E+00  0.00000000E+00  0.00000000E+00
00040  7.05525959E+07  1.09999170E+00  6.35294869E-02  8.13603116E-03  3.77350385E+00  7.16191290E+00  4.93015836E+00  1.62201884E+01 -1.77068932E+00  6.91633709E-01  2.87663566E-01  1.73583302E-05  5.17919460E-03  1.00950774E-02  2.20432925E+03  8.10764096E+06  9.88863927E+09  1.12520152E+00  3.14327104E-02  1.43261135E-34  0.00000000E+00  3.60183963E-08  0.00000000E+00  0.00000000E+00  0.00000000E+00  0.00000000E+00  0.00000000E+00  0.00000000E+00
00041  8.45157378E+07  1.09999004E+00  6.43266448E-02  8.29497047E-03  3.77362367E+00  7.16242768E+00  4.93145571E+00  1.62215422E+01 -1.77027125E+00  6.90250475E-01  2.89046940E-01  1.73296307E-05  5.18024404E-03  1.00939163E-02  2.20554133E+03  8.08978721E+06  9.87049017E+09  1.13037261E+00  2.85838347E-02  1.32653146E-34  0.00000000E+00  3.62579031E-08  0.00000000E+00  0.00000000E+00  0.00000000E+00  0.00000000E+00  0.00000000E+00  0.00000000E+00
00042  1.01271508E+08  1.09998804E+00  6.52063173E-02  8.49311672E-03  3.77374452E+00  7.16297201E+00  4.93287639E+00  1.62229532E+01 -1.76983796E+00  6.88582652E-01  2.90714948E-01  1.73639727E-05  5.18145810E-03  1.00924830E-02  2.20705326E+03  8.06970579E+06  9.85049962E+09  1.13554357E+00  2.58890893E-02  1.26321780E-34  0.00000000E+00  3.65217043E-08  0.00000000E+00  0.00000000E+00  0.00000000E+00  0.00000000E+00  0.00000000E+00  0.00000000E+00
00043  1.21378433E+08  1.09998564E+00  6.61897424E-02  8.73787832E-03  3.77386799E+00  7.16355253E+00  4.93446544E+00  1.62244533E+01 -1.76934077E+00  6.86571897E-01  2.92725933E-01  1.74141542E-05  5.18295022E-03  1.00907108E-02  2.20892226E+03  8.04688167E+06  9.82819770E+09  1.14078340E+00  2.33669230E-02  1.23470715E-34  0.00000000E+00  3.68166187E-08  0.00000000E+00  0.00000000E+00  0.00000000E+00  0.00000000E+00  0.00000000E+00  0.00000000E+00
00044  1.45506742E+08  1.09998274E+00  6.73023160E-02  9.03906858E-03  3.77399554E+00  7.16417797E+00  4.93627109E+00  1.62260756E+01 -1.76873857E+00  6.84147918E-01  2.95150195E-01  1.74710297E-05  5.18480517E-03  1.00885150E-02  2.21122425E+03  8.02068694E+06  9.80302629E+09  1.14615261E+00  2.10423782E-02  1.23609244E-34  0.00000000E+00  3.71506200E-08  0.00000000E+00  0.00000000E+00  0.00000000E+00  0.00000000E+00  0.00000000E+00  0.00000000E+00
00045  1.74460713E+08  1.09997926E+00  6.85753178E-02  9.40909687E-03  3.77412878E+00  7.16485995E+00  4.93834978E+00  1.62278588E+01 -1.76799042E+00  6.81225950E-01  2.98072516E-01  1.75342489E-05  5.18711835E-03  1.00857871E-02  2.21405558E+03  7.99034963E+06  9.77430281E+09  1.15172228E+00  1.89406723E-02  1.26643695E-34  0.00000000E+00  3.75336093E-08  0.00000000E+00  0.00000000E+00  0.00000000E+00  0.00000000E+00  0.00000000E+00  0.00000000E+00
00046  2.09205479E+08  1.09997506E+00  7.00468169E-02  9.86344982E-03  3.77426948E+00  7.16561371E+00  4.94076897E+00  1.62298502E+01 -1.76705317E+00  6.77703662E-01  3.01595241E-01  1.76054105E-05  5.19001110E-03  1.00823862E-02  2.21753701E+03  7.95493462E+06  9.74120386E+09  1.15758635E+00  1.70818287E-02  1.32778753E-34  0.00000000E+00  3.79780671E-08  0.00000000E+00  0.00000000E+00  0.00000000E+00  0.00000000E+00  0.00000000E+00  0.00000000E+00
00047  2.50899197E+08  1.09996999E+00  7.17637786E-02  1.04210819E-02  3.77441990E+00  7.16645928E+00  4.94361136E+00  1.62321093E+01 -1.76587843E+00  6.73457361E-01  3.05842088E-01  1.76867915E-05  5.19364268E-03  1.00781273E-02  2.22181720E+03  7.91330714E+06  9.70272385E+09  1.16387129E+00  1.54777090E-02  1.42517598E-34  0.00000000E+00  3.85000218E-08  0.00000000E+00  0.00000000E+00  0.00000000E+00  0.00000000E+00  0.00000000E+00  0.00000000E+00
00048  3.00931659E+08  1.09996388E+00  7.37841722E-02  1.11060236E-02  3.77458253E+00  7.16742250E+00  4.94697920E+00  1.62347108E+01 -1.76440933E+00  6.68337201E-01  3.10962933E-01  1.77813959E-05  5.19822588E-03  1.00727632E-02  2.22708577E+03  7.86407888E+06  9.65763671E+09  1.17074417E+00  1.41321962E-02  1.56975691E-34  0.00000000E+00  3.91200754E-08  0.00000000E+00  0.00000000E+00  0.00000000E+00  0.00000000E+00  0.00000000E+00  0.00000000E+00
00049  3.60970614E+08  1.09995650E+00  7.61777052E-02  1.19481271E-02  3.77475986E+00  7.16853522E+00  4.95099689E+00  1.62377456E+01 -1.76257906E+00  6.62161230E-01  3.17139773E-01  1.78930660E-05  5.20405050E-03  1.00659576E-02  2.23358023E+03  7.80560184E+06  9.60449238E+09  1.17841565E+00  1.30430952E-02  1.77193827E-34  0.00000000E+00  4.03580767E-08  0.00000000E+00  0.00000000E+00  0.00000000E+00  0.00000000E+00  0.00000000E+00  0.00000000E+00
00050  4.33017359E+08  1.09994756E+00  7.90296375E-02  1.29853665E-02  3.77495422E+00  7.16983766E+00  4.95581865E+00  1.62413269E+01 -1.76030701E+00  6.54707726E-01  3.24594389E-01  1.80268587E-05  5.21152005E-03  1.00572426E-02  2.24160548E+03  7.73588792E+06  9.54155059E+09  1.18714712E+00  1.22061625E-02  2.05897017E-34  0.00000000E+00  4.12671476E-08  0.00000000E+00  0.00000000E+00  0.00000000E+00  0.00000000E+00  0.00000000E+00  0.00000000E+00
00051  5.19473454E+08  1.09993674E+00  8.24439332E-02  1.42662141E-02  3.77516737E+00  7.17138039E+00  4.96163605E+00  1.62455953E+01 -1.75749532E+00  6.45705294E-01  3.33598260E-01  1.81894854E-05  5.22121059E-03  1.00459509E-02  2.25155514E+03  7.65255531E+06  9.46673865E+09  1.19725964E+00  1.16203073E-02  2.47494948E-34  0.00000000E+00  4.23802718E-08  0.00000000E+00  0.00000000E+00  0.00000000E+00  0.00000000E+00  0.00000000E+00  0.00000000E+00
00052  6.23220768E+08  1.09992359E+00  8.65455772E-02  1.58537188E-02  3.77539903E+00  7.17322433E+00  4.96868622E+00  1.62507209E+01 -1.75401960E+00  6.34820132E-01  3.44485311E-01  1.83898009E-05  5.23396601E-03  1.00311062E-02  2.26394796E+03  7.55278195E+06  9.37763991E+09  1.20914137E+00  1.12936541E-02  3.09135575E-34  0.00000000E+00  4.37555090E-08  0.00000000E+00  0.00000000E+00  0.00000000E+00  0.00000000E+00  0.00000000E+00  0.00000000E+00
00053  7.47717544E+08  1.09990758E+00  9.14885294E-02  1.78294350E-02  3.77564691E+00  7.17544798E+00  4.97726995E+00  1.62569198E+01 -1.74972610E+00  6.21638497E-01  3.57669472E-01  1.86402037E-05  5.25106515E-03  1.00112306E-02  2.27946629E+03  7.43319690E+06  9.27137783E+09  1.22326920E+00  1.12505542E-02  4.04913727E-34  0.00000000E+00  4.59811271E-08  0.00000000E+00  0.00000000E+00  0.00000000E+00  0.00000000E+00  0.00000000E+00  0.00000000E+00
00054  8.97113676E+08  1.09988803E+00  9.75541896E-02  2.01062202E-02  3.77602493E+00  7.17816619E+00  4.98777488E+00  1.62644816E+01 -1.74446768E+00  6.05639558E-01  3.73671871E-01  1.89597988E-05  5.27453433E-03  9.98398267E-03  2.29748250E+03  7.29151466E+06  9.14262486E+09  1.24048117E+00  1.15504914E-02  5.62687612E-34  0.00000000E+00  4.81709058E-08  0.00000000E+00  0.00000000E+00  0.00000000E+00  0.00000000E+00  0.00000000E+00  0.00000000E+00
00055  1.06469094E+09  1.09986566E+00  1.04505276E-01  2.26340861E-02  3.77649877E+00  7.18129044E+00  4.99984293E+00  1.62731442E+01 -1.73843638E+00  5.87448900E-01  3.91867039E-01  1.93467115E-05  5.30521269E-03  9.94840577E-03  2.31765308E+03  7.13380334E+06  8.99727469E+09  1.26019632E+00  1.22296440E-02  8.19980821E-34  0.00000000E+00  5.07838156E-08  0.00000000E+00  0.00000000E+00  0.00000000E+00  0.00000000E+00  0.00000000E+00  0.00000000E+00
00056  1.22417161E+09  1.09984395E+00  1.11184256E-01  2.51835689E-02  3.77689378E+00  7.18432919E+00  5.01161571E+00  1.62815624E+01 -1.73251689E+00  5.69905541E-01  4.09415360E-01  1.97412295E-05  5.33902054E-03  9.90924218E-03  2.33817460E+03  6.98353835E+06  8.85978996E+09  1.27920095E+00  1.31554526E-02  1.18008652E-33  0.00000000E+00  5.39496387E-08  0.00000000E+00  0.00000000E+00  0.00000000E+00  0.00000000E+00  0.00000000E+00  0.00000000E+00
00057  1.37279862E+09  1.09982333E+00  1.17450528E-01  2.76957610E-02  3.77720425E+00  7.18722061E+00  5.02284855E+00  1.62895624E+01 -1.72684100E+00  5.53345461E-01  4.25980735E-01  2.01355230E-05  5.37516446E-03  9.86740911E-03  2.35857286E+03  6.84353951E+06  8.73270952E+09  1.29709939E+00  1.42577844E-02  1.66474172E-33  0.00000000E+00  5.65607505E-08  0.00000000E+00  0.00000000E+00  0.00000000E+00  0.00000000E+00  0.00000000E+00  0.00000000E+00
00058  1.51824027E+09  1.09980278E+00  1.23619030E-01  3.02787302E-02  3.77745489E+00  7.19011117E+00  5.03409959E+00  1.62975428E+01 -1.72114245E+00  5.36923354E-01  4.42408768E-01  2.05530082E-05  5.41567606E-03  9.82055350E-03  2.37973067E+03  6.70676480E+06  8.60939030E+09  1.31477956E+00  1.55752473E-02  2.34317769E-33  0.00000000E+00  5.98129746E-08  0.00000000E+00  0.00000000E+00  0.00000000E+00  0.00000000E+00  0.00000000E+00  0.00000000E+00
00059  1.66437002E+09  1.09978174E+00  1.29911540E-01  3.28547772E-02  3.77773999E+00  7.19309194E+00  5.04567812E+00  1.63057289E+01 -1.71531402E+00  5.20184470E-01  4.59154482E-01  2.10102633E-05  5.46242112E-03  9.76652091E-03  2.40102142E+03  6.57094606E+06  8.48538551E+09  1.33286184E+00  1.71695795E-02  3.32587610E-33  0.00000000E+00  6.27192886E-08  0.00000000E+00  0.00000000E+00  0.00000000E+00  0.00000000E+00  0.00000000E+00  0.00000000E+00
00060  1.80849599E+09  1.09976060E+00  1.36263292E-01  3.52758325E-02  3.77811740E+00  7.19612353E+00  5.05738235E+00  1.63139834E+01 -1.70951228E+00  5.03417213E-01  4.75929474E-01  2.15052351E-05  5.51540591E-03  9.70530684E-03  2.42120628E+03  6.43929608E+06  8.36202528E+09  1.35114857E+00  1.90512598E-02  4.73807301E-33  0.00000000E+00  6.63237644E-08  0.00000000E+00  0.00000000E+00  0.00000000E+00  0.00000000E+00  0.00000000E+00  0.00000000E+00
00061  1.94637900E+09  1.09974000E+00  1.42377987E-01  3.77193754E-02  3.77842431E+00  7.19909852E+00  5.06885432E+00  1.63220338E+01 -1.70386998E+00  4.87117800E-01  4.92237347E-01  2.20240074E-05  5.57341031E-03  9.63832440E-03  2.44174987E+03  6.31340843E+06  8.24496176E+09  1.36876655E+00  2.11659317E-02  6.69340513E-33  0.00000000E+00  6.94273557E-08  0.00000000E+00  0.00000000E+00  0.00000000E+00  0.00000000E+00  0.00000000E+00  0.00000000E+00
00062  2.08085515E+09  1.09971954E+00  1.48373604E-01  4.02263216E-02  3.77866974E+00  7.20207302E+00  5.08031774E+00  1.63300318E+01 -1.69827633E+00  4.70953572E-01  5.08410986E-01  2.25789748E-05  5.63799866E-03  9.56376919E-03  2.46300693E+03  6.19077703E+06  8.13176742E+09  1.38601195E+00  2.35694599E-02  9.44053172E-33  0.00000000E+00  7.31851124E-08  0.00000000E+00  0.00000000E+00  0.00000000E+00  0.00000000E+00  0.00000000E+00  0.00000000E+00
00063  2.21444120E+09  1.09969883E+00  1.54358008E-01  4.28359127E-02  3.77886104E+00  7.20510399E+00  5.09199318E+00  1.63381276E+01 -1.69262601E+00  4.54613423E-01  5.24761789E-01  2.31853961E-05  5.71116119E-03  9.47934630E-03  2.48533026E+03  6.06924705E+06  8.02033242E+09  1.40315111E+00  2.63449182E-02  1.33790818E-32  0.00000000E+00  7.65620633E-08  0.00000000E+00  0.00000000E+00  0.00000000E+00  0.00000000E+00  0.00000000E+00  0.00000000E+00
00064  2.34702170E+09  1.09967790E+00  1.60321310E-01  4.55444726E-02  3.77899759E+00  7.20819241E+00  5.10388066E+00  1.63463138E+01 -1.68693331E+00  4.38092676E-01  5.41294579E-01  2.38496869E-05  5.79391512E-03  9.38388466E-03  2.50871358E+03  5.94903359E+06  7.91080720E+09  1.42010387E+00  2.95443854E-02  1.90503839E-32  0.00000000E+00  8.01021101E-08  0.00000000E+00  0.00000000E+00  0.00000000E+00  0.00000000E+00  0.00000000E+00  0.00000000E+00
00065  2.47757545E+09  1.09965691E+00  1.66344358E-01  4.79627681E-02  3.77929420E+00  7.21134178E+00  5.11589406E+00  1.63545434E+01 -1.68135342E+00  4.21494014E-01  5.57906751E-01  2.45766972E-05  5.88678167E-03  9.27678210E-03  2.52977950E+03  5.83429654E+06  7.80170389E+09  1.43705922E+00  3.32372756E-02  2.72564857E-32  0.00000000E+00  8.43902541E-08  0.00000000E+00  0.00000000E+00  0.00000000E+00  0.00000000E+00  0.00000000E+00  0.00000000E+00
00066  2.60188690E+09  1.09963657E+00  1.72104324E-01  5.03646595E-02  3.77953325E+00  7.21442852E+00  5.12763434E+00  1.63625199E+01 -1.67600870E+00  4.05357299E-01  5.74058040E-01  2.53434936E-05  5.98701125E-03  9.16121163E-03  2.55087702E+03  5.72546253E+06  7.69877212E+09  1.45304592E+00  3.73154553E-02  3.86565399E-32  0.00000000E+00  8.81337300E-08  0.00000000E+00  0.00000000E+00  0.00000000E+00  0.00000000E+00  0.00000000E+00  0.00000000E+00
00067  2.72250818E+09  1.09961649E+00  1.77706559E-01  5.28072183E-02  3.77971253E+00  7.21751172E+00  5.13932798E+00  1.63703922E+01 -1.67080245E+00  3.89354625E-01  5.90076685E-01  2.61675373E-05  6.09688528E-03  9.03454259E-03  2.57251150E+03  5.62017609E+06  7.59995988E+09  1.46828557E+00  4.18873363E-02  5.47254294E-32  0.00000000E+00  9.25445973E-08  0.00000000E+00  0.00000000E+00  0.00000000E+00  0.00000000E+00  0.00000000E+00  0.00000000E+00
00068  2.84213361E+09  1.09959623E+00  1.83270284E-01  5.53375523E-02  3.77983829E+00  7.22066214E+00  5.15124204E+00  1.63783302E+01 -1.66563076E+00  3.73108701E-01  6.06340481E-01  2.70743022E-05  6.21987883E-03  8.89276950E-03  2.59511631E+03  5.51619814E+06  7.50307990E+09  1.48301839E+00  4.71261760E-02  7.79653073E-32  0.00000000E+00  9.65658598E-08  0.00000000E+00  0.00000000E+00  0.00000000E+00  0.00000000E+00  0.00000000E+00  0.00000000E+00
00069  2.96087737E+09  1.09957576E+00  1.88795820E-01  5.79555898E-02  3.77991066E+00  7.22388558E+00  5.16340898E+00  1.63863442E+01 -1.66047784E+00  3.56577945E-01  6.22891213E-01  2.80660902E-05  6.35738903E-03  8.73429261E-03  2.61871314E+03  5.41352458E+06  7.40808488E+09  1.49713342E+00  5.31444859E-02  1.11844574E-31  0.00000000E+00  1.00772343E-07  0.00000000E+00  0.00000000E+00  0.00000000E+00  0.00000000E+00  0.00000000E+00  0.00000000E+00
00070  3.07757298E+09  1.09955529E+00  1.94245757E-01  6.05507042E-02  3.77997558E+00  7.22715471E+00  5.17572263E+00  1.63943556E+01 -1.65540179E+00  3.39906203E-01  6.39584967E-01  2.91371881E-05  6.50897585E-03  8.55962240E-03  2.64231531E+03  5.31396747E+06  7.31556591E+09  1.51043026E+00  5.99996356E-02  1.61019650E-31  0.00000000E+00  1.05728181E-07  0.00000000E+00  0.00000000E+00  0.00000000E+00  0.00000000E+00  0.00000000E+00  0.00000000E+00
00071  3.19096131E+09  1.09953507E+00  1.99621307E-01  6.28934416E-02  3.78014810E+00  7.23044783E+00  5.18804920E+00  1.64022756E+01 -1.65053022E+00  3.23254601E-01  6.56260464E-01  3.02941487E-05  6.67354115E-03  8.37000517E-03  2.66380691E+03  5.22016977E+06  7.22544150E+09  1.52283819E+00  6.77490246E-02  2.32046721E-31  0.00000000E+00  1.10227565E-07  0.00000000E+00  0.00000000E+00  0.00000000E+00  0.00000000E+00  0.00000000E+00  0.00000000E+00
00072  3.29894951E+09  1.09951549E+00  2.04728935E-01  6.52223604E-02  3.78026055E+00  7.23368815E+00  5.20015233E+00  1.64099364E+01 -1.64590825E+00  3.06938527E-01  6.72601788E-01  3.15134928E-05  6.84744626E-03  8.16963068E-03  2.68534435E+03  5.13136158E+06  7.14083553E+09  1.53377071E+00  7.62630600E-02  3.31932172E-31  0.00000000E+00  1.15324992E-07  0.00000000E+00  0.00000000E+00  0.00000000E+00  0.00000000E+00  0.00000000E+00  0.00000000E+00
00073  3.40383202E+09  1.09949618E+00  2.09669843E-01  6.75779763E-02  3.78031797E+00  7.23694409E+00  5.21227875E+00  1.64174886E+01 -1.64146177E+00  2.90610359E-01  6.88957028E-01  3.28209182E-05  7.03390233E-03  7.95479480E-03  2.70730524E+03  5.04569317E+06  7.05993161E+09  1.54334308E+00  8.57747079E-02  4.74884840E-31  0.00000000E+00  1.19937516E-07  0.00000000E+00  0.00000000E+00  0.00000000E+00  0.00000000E+00  0.00000000E+00  0.00000000E+00
00074  3.50740760E+09  1.09947680E+00  2.14522756E-01  6.99939378E-02  3.78032322E+00  7.24027624E+00  5.22464982E+00  1.64250558E+01 -1.63713273E+00  2.73960781E-01  7.05636002E-01  3.42446603E-05  7.23635420E-03  7.72152291E-03  2.73001474E+03  4.96177030E+06  6.98135829E+09  1.55156196E+00  9.65695026E-02  6.83998345E-31  0.00000000E+00  1.24719356E-07  0.00000000E+00  0.00000000E+00  0.00000000E+00  0.00000000E+00  0.00000000E+00  0.00000000E+00
00075  3.60946594E+09  1.09945741E+00  2.19269963E-01  7.24615492E-02  3.78027621E+00  7.24368005E+00  5.23726850E+00  1.64326225E+01 -1.63291052E+00  2.56991840E-01  7.22636614E-01  3.57922391E-05  7.45443361E-03  7.47022585E-03  2.75340591E+03  4.87985048E+06  6.90533988E+09  1.55820540E+00  1.08791687E-01  9.91444581E-31  0.00000000E+00  1.30269119E-07  0.00000000E+00  0.00000000E+00  0.00000000E+00  0.00000000E+00  0.00000000E+00  0.00000000E+00
00076  3.70895277E+09  1.09943821E+00  2.23852557E-01  7.49529293E-02  3.78017617E+00  7.24712168E+00  5.25001942E+00  1.64401084E+01 -1.62882854E+00  2.39868649E-01  7.39793285E-01  3.74530966E-05  7.68491980E-03  7.20459859E-03  2.77722523E+03  4.80084158E+06  6.83273979E+09  1.56302657E+00  1.22440896E-01  1.44000517E-30  0.00000000E+00  1.35339819E-07  0.00000000E+00  0.00000000E+00  0.00000000E+00  0.00000000E+00  0.00000000E+00  0.00000000E+00
00077  3.80528956E+09  1.09941935E+00  2.28337571E-01  7.71058001E-02  3.78022099E+00  7.25060290E+00  5.26281830E+00  1.64474618E+01 -1.62503948E+00  2.22674142E-01  7.57022693E-01  3.92109705E-05  7.92513384E-03  6.92772442E-03  2.79797695E+03  4.72785981E+06  6.76242432E+09  1.56614774E+00  1.37619429E-01  2.09483632E-30  0.00000000E+00  1.40515812E-07  0.00000000E+00  0.00000000E+00  0.00000000E+00  0.00000000E+00  0.00000000E+00  0.00000000E+00
00078  3.89616503E+09  1.09940131E+00  2.32517982E-01  7.92093879E-02  3.78021430E+00  7.25401345E+00  5.27535926E+00  1.64544944E+01 -1.62150687E+00  2.05851282E-01  7.73880635E-01  4.10072530E-05  8.16650957E-03  6.64947140E-03  2.81840290E+03  4.65978996E+06  6.69753330E+09  1.56720459E+00  1.53867190E-01  3.01879494E-30  0.00000000E+00  1.46237813E-07  0.00000000E+00  0.00000000E+00  0.00000000E+00  0.00000000E+00  0.00000000E+00  0.00000000E+00
00079  3.98328416E+09  1.09938379E+00  2.36470847E-01  8.12984693E-02  3.78015797E+00  7.25739850E+00  5.28787028E+00  1.64613342E+01 -1.61807463E+00  1.89125284E-01  7.90642108E-01  4.28579839E-05  8.41051905E-03  6.36813587E-03  2.83883505E+03  4.59526492E+06  6.63674446E+09  1.56625957E+00  1.71392954E-01  4.33481394E-30  0.00000000E+00  1.51373908E-07  0.00000000E+00  0.00000000E+00  0.00000000E+00  0.00000000E+00  0.00000000E+00  0.00000000E+00
00080  4.06837978E+09  1.09936646E+00  2.40275909E-01  8.34081940E-02  3.78005438E+00  7.26080940E+00  5.30061973E+00  1.64681274E+01 -1.61454915E+00  1.72193183E-01  8.07610374E-01  4.47844466E-05  8.65917806E-03  6.08138552E-03  2.85961898E+03  4.53296192E+06  6.57874702E+09  1.56331000E+00  1.90510004E-01  6.24232817E-30  0.00000000E+00  1.56615307E-07  0.00000000E+00  0.00000000E+00  0.00000000E+00  0.00000000E+00  0.00000000E+00  0.00000000E+00
00081  4.15129757E+09  1.09934935E+00  2.43933427E-01  8.55332298E-02  3.77990624E+00  7.26421306E+00  5.31361979E+00  1.64748949E+01 -1.61070170E+00  1.55154183E-01  8.24685639E-01  4.67481649E-05  8.90844966E-03  5.79388503E-03  2.88070710E+03  4.47286719E+06  6.52347363E+09  1.55842682E+00  2.11124644E-01  8.99187888E-30  0.00000000E+00  1.62570520E-07  0.00000000E+00  0.00000000E+00  0.00000000E+00  0.00000000E+00  0.00000000E+00  0.00000000E+00
00082  4.23079343E+09  1.09933275E+00  2.47402657E-01  8.76432645E-02  3.77971853E+00  7.26751166E+00  5.32669199E+00  1.64815830E+01 -1.60624743E+00  1.38408604E-01  8.41466384E-01  4.86788709E-05  9.15020075E-03  5.51503767E-03  2.90179971E+03  4.41563963E+06  6.47147270E+09  1.55194923E+00  2.32692706E-01  1.28407201E-29  0.00000000E+00  1.67927014E-07  1.12330754E-03  0.00000000E+00  0.00000000E+00  1.96335301E-02  0.00000000E+00  0.00000000E+00
00083  4.30599577E+09  1.09931687E+00  2.50669955E-01  8.97009227E-02  3.77950652E+00  7.27060763E+00  5.33968334E+00  1.64881726E+01 -1.60083755E+00  1.22335684E-01  8.57572345E-01  5.05330528E-05  9.37716561E-03  5.25317712E-03  2.92251709E+03  4.36170323E+06  6.42287616E+09  1.54440635E+00  2.54587527E-01  1.80379916E-29  0.00000000E+00  1.73214578E-07  1.86233381E-03  0.00000000E+00  0.00000000E+00  2.31414203E-02  0.00000000E+00  0.00000000E+00
00084  4.37697140E+09  1.09930171E+00  2.53851867E-01  9.14150359E-02  3.77944495E+00  7.27343613E+00  5.35255836E+00  1.64947126E+01 -1.59409498E+00  1.07146981E-01  8.72791443E-01  5.22756902E-05  9.58585817E-03  5.01234783E-03  2.93989096E+03  4.31268871E+06  6.37590223E+09  1.53656067E+00  2.76486862E-01  2.48569007E-29  0.00000000E+00  1.79074196E-07  2.79979823E-03  0.00000000E+00  0.00000000E+00  2.64272995E-02  0.00000000E+00  0.00000000E+00
00085  4.44339562E+09  1.09928738E+00  2.56875738E-01  9.30943219E-02  3.77936127E+00  7.27588121E+00  5.36524344E+00  1.65012343E+01 -1.58544384E+00  9.31483983E-02  8.86817196E-01  5.38570309E-05  9.77236407E-03  4.79708979E-03  2.95701129E+03  4.26612555E+06  6.33158026E+09  1.52883051E+00  2.97677044E-01  3.33664646E-29  0.00000000E+00  1.84200393E-07  3.78218867E-03  0.00000000E+00  0.00000000E+00  2.91264386E-02  0.00000000E+00  0.00000000E+00
00086  4.50621353E+09  1.09927369E+00  2.59810071E-01  9.47638341E-02  3.77926010E+00  7.27793981E+00  5.37781653E+00  1.65078582E+01 -1.57462910E+00  8.03493039E-02  8.99640343E-01  5.52697655E-05  9.93743802E-03  4.60655020E-03  2.97413005E+03  4.22103516E+06  6.28886648E+09  1.52160697E+00  3.18029900E-01  4.36683743E-29  0.00000000E+00  1.89250682E-07  4.78165015E-03  0.00000000E+00  0.00000000E+00  3.14008241E-02  0.00000000E+00  0.00000000E+00
00087  4.56625734E+09  1.09926047E+00  2.62707102E-01  9.64431322E-02  3.77914471E+00  7.27962790E+00  5.39031935E+00  1.65146808E+01 -1.56156417E+00  6.87503033E-02  9.11260441E-01  5.65125853E-05  1.00822216E-02  4.43942617E-03  2.99144838E+03  4.17668956E+06  6.24698010E+09  1.51514863E+00  3.37507311E-01  5.58002810E-29  0.00000000E+00  1.94273577E-07  5.79463239E-03  0.00000000E+00  0.00000000E+00  3.33673623E-02  0.00000000E+00  0.00000000E+00
00088  4.62400908E+09  1.09924763E+00  2.65594216E-01  9.81413958E-02  3.77901735E+00  7.28096195E+00  5.40272254E+00  1.65217429E+01 -1.54631430E+00  5.83781442E-02  9.21650878E-01  5.75858161E-05  1.02076578E-02  4.29463950E-03  3.00906414E+03  4.13272658E+06  6.20551651E+09  1.50960086E+00  3.56083118E-01  6.96960573E-29  0.00000000E+00  1.99934833E-07  6.81552350E-03  0.00000000E+00  0.00000000E+00  3.51002448E-02  0.00000000E+00  0.00000000E+00
00089  4.67993136E+09  1.09923507E+00  2.68491916E-01  9.98668877E-02  3.77887903E+00  7.28197523E+00  5.41499353E+00  1.65290680E+01 -1.52906072E+00  4.92155419E-02  9.30829150E-01  5.84974411E-05  1.03152221E-02  4.17049340E-03  3.02706791E+03  4.08887238E+06  6.16417944E+09  1.50501481E+00  3.73802031E-01  8.52542659E-29  0.00000000E+00  2.04993521E-07  7.84246958E-03  0.00000000E+00  0.00000000E+00  3.66519334E-02  0.00000000E+00  0.00000000E+00
00090  4.73466087E+09  1.09922265E+00  2.71424042E-01  1.01631037E-01  3.77872999E+00  7.28271937E+00  5.42713951E+00  1.65366904E+01 -1.51002450E+00  4.11803407E-02  9.38877720E-01  5.92648018E-05  1.04070094E-02  4.06457042E-03  3.04558582E+03  4.04480386E+06  6.12263316E+09  1.50130355E+00  3.90867231E-01  1.02490046E-28  0.00000000E+00  2.10122224E-07  8.88293326E-03  0.00000000E+00  0.00000000E+00  3.80661732E-02  0.00000000E+00  0.00000000E+00
00091  4.78893809E+09  1.09921020E+00  2.74443078E-01  1.03374060E-01  3.77861324E+00  7.28324887E+00  5.43920652E+00  1.65446618E+01 -1.48937672E+00  3.41617098E-02  9.45907739E-01  5.99086225E-05  1.04852250E-02  3.97432283E-03  3.06399347E+03  4.00060407E+06  6.08014988E+09  1.49840134E+00  4.07585225E-01  1.21591049E-28  0.00000000E+00  2.16029530E-07  9.94914155E-03  0.00000000E+00  0.00000000E+00  3.93803729E-02  0.00000000E+00  0.00000000E+00
00092  4.84327686E+09  1.09919761E+00  2.77610424E-01  1.04981798E-01  3.77860120E+00  7.28361942E+00  5.45120105E+00  1.65530047E+01 -1.46737282E+00  2.80719528E-02  9.52007159E-01  6.04484433E-05  1.05516077E-02  3.89773707E-03  3.08107259E+03  3.95676756E+06  6.03589901E+09  1.49624950E+00  4.24298659E-01  1.42907967E-28  0.00000000E+00  2.21527542E-07  1.10500857E-02  0.00000000E+00  0.00000000E+00  4.06206393E-02  0.00000000E+00  0.00000000E+00
00093  4.89750337E+09  1.09918491E+00  2.80848314E-01  1.06661142E-01  3.77857100E+00  7.28385252E+00  5.46306738E+00  1.65616803E+01 -1.44424067E+00  2.28801748E-02  9.57207016E-01  6.08916671E-05  1.06071252E-02  3.83369744E-03  3.09901341E+03  3.91212989E+06  5.99099636E+09  1.49468063E+00  4.40869501E-01  1.66352548E-28  0.00000000E+00  2.27193945E-07  1.21805423E-02  0.00000000E+00  0.00000000E+00  4.17919513E-02  0.00000000E+00  0.00000000E+00
00094  4.95246104E+09  1.09917189E+00  2.84203034E-01  1.08436725E-01  3.77852189E+00  7.28398625E+00  5.47494800E+00  1.65707917E+01 -1.41989049E+00  1.84519458E-02  9.61642020E-01  6.12576042E-05  1.06536948E-02  3.77998717E-03  3.11809542E+03  3.86609637E+06  5.94482660E+09  1.49354709E+00  4.57659193E-01  1.92526776E-28  0.00000000E+00  2.33125093E-07  1.33599185E-02  0.00000000E+00  0.00000000E+00  4.29197140E-02  0.00000000E+00  0.00000000E+00
00095  5.00882484E+09  1.09915838E+00  2.87713694E-01  1.10328828E-01  3.77845351E+00  7.28405170E+00  5.48696594E+00  1.65804371E+01 -1.39421864E+00  1.46899362E-02  9.65409702E-01  6.15609555E-05  1.06926929E-02  3.73501333E-03  3.13855849E+03  3.81820493E+06  5.89689225E+09  1.49275338E+00  4.74962579E-01  2.22169386E-28  0.00000000E+00  2.40051054E-07  1.46084159E-02  0.00000000E+00  0.00000000E+00  4.40218310E-02  0.00000000E+00  0.00000000E+00
00096  5.06670116E+09  1.09914433E+00  2.91386591E-01  1.12341226E-01  3.77836553E+00  7.28407125E+00  5.49914565E+00  1.65906335E+01 -1.36729121E+00  1.15391613E-02  9.68565169E-01  6.18111604E-05  1.07249593E-02  3.69780384E-03  3.16046946E+03  3.76845069E+06  5.84715685E+09  1.49223032E+00  4.92898444E-01  2.55895349E-28  0.00000000E+00  2.46726595E-07  1.59235091E-02  0.00000000E+00  0.00000000E+00  4.51034386E-02  0.00000000E+00  0.00000000E+00
00097  5.12594580E+09  1.09912975E+00  2.95213174E-01  1.14469175E-01  3.77825820E+00  7.28406628E+00  5.51147679E+00  1.66013601E+01 -1.33925770E+00  8.94614319E-03  9.71162011E-01  6.20171431E-05  1.07512461E-02  3.66748747E-03  3.18380456E+03  3.71703618E+06  5.79578682E+09  1.49189112E+00  5.11534667E-01  2.94351466E-28  0.00000000E+00  2.53789989E-07  1.73182476E-02  0.00000000E+00  0.00000000E+00  4.61633456E-02  0.00000000E+00  0.00000000E+00
00098  5.18640392E+09  1.09911468E+00  2.99184610E-01  1.16708510E-01  3.77813139E+00  7.28405074E+00  5.52396962E+00  1.66126008E+01 -1.31020091E+00  6.84738913E-03  9.73263835E-01  6.21866609E-05  1.07723466E-02  3.64314722E-03  3.20854682E+03  3.66415726E+06  5.74294968E+09  1.49169955E+00  5.30888055E-01  3.38194670E-28  0.00000000E+00  2.61239785E-07  1.87783407E-02  0.00000000E+00  0.00000000E+00  4.72009001E-02  0.00000000E+00  0.00000000E+00
00099  5.24792542E+09  1.09909912E+00  3.03293601E-01  1.19055340E-01  3.77798523E+00  7.28403944E+00  5.53664072E+00  1.66243423E+01 -1.28019735E+00  5.17496124E-03  9.74938696E-01  6.23279609E-05  1.07890464E-02  3.62387365E-03  3.23468282E+03  3.60998989E+06  5.68878959E+09  1.49159737E+00  5.51002813E-01  3.88277098E-28  0.00000000E+00  2.69080799E-07  2.03163879E-02  0.00000000E+00  0.00000000E+00  4.82155230E-02  0.00000000E+00  0.00000000E+00
00100  5.31028777E+09  1.09908311E+00  3.07526321E-01  1.21502629E-01  3.77781976E+00  7.28404297E+00  5.54949667E+00  1.66365571E+01 -1.24933185E+00  3.86310017E-03  9.76252457E-01  6.24481073E-05  1.08020737E-02  3.60882566E-03  3.26216404E+03  3.55478492E+06  5.63353280E+09  1.49152339E+00  5.71895345E-01  4.45500745E-28  0.00000000E+00  2.77964372E-07  2.19207045E-02  0.00000000E+00  0.00000000E+00  4.92050209E-02  0.00000000E+00  0.00000000E+00
